set dgain 18
set again 28
set range 120
set prf 2200
set high_voltage 45
set pulse_width 125
set scan_type custom
set beam_count 64

set beam_angle 1 35 -3.38012
set beam_wedge_delay 1 11757
set beam_ele_select 1 1111111111111111
set beam_ele_delay 1 1289 1245 1196 1141 1081 1014 941 862 777 686 588 483 372 255 131 0
set beam_angle 2 35.6299 -3.27186
set beam_wedge_delay 2 11796
set beam_ele_select 2 1111111111111111
set beam_ele_delay 2 1269 1228 1181 1129 1071 1008 938 862 780 691 596 495 387 273 152 24
set beam_angle 3 36.2598 -3.16337
set beam_wedge_delay 3 11835
set beam_ele_select 3 1111111111111111
set beam_ele_delay 3 1249 1210 1167 1117 1062 1001 935 862 782 697 605 507 402 290 173 48
set beam_angle 4 36.8898 -3.05467
set beam_wedge_delay 4 11876
set beam_ele_select 4 1111111111111111
set beam_ele_delay 4 1230 1194 1153 1106 1054 996 932 862 786 704 615 519 418 309 194 73
set beam_angle 5 37.5197 -2.94575
set beam_wedge_delay 5 11916
set beam_ele_select 5 1111111111111111
set beam_ele_delay 5 1210 1177 1139 1095 1045 990 929 862 789 709 623 531 432 327 215 97
set beam_angle 6 38.1496 -2.83662
set beam_wedge_delay 6 11958
set beam_ele_select 6 1111111111111111
set beam_ele_delay 6 1191 1160 1124 1083 1036 984 926 862 791 715 632 543 447 345 236 121
set beam_angle 7 38.7795 -2.72729
set beam_wedge_delay 7 12000
set beam_ele_select 7 1111111111111111
set beam_ele_delay 7 1172 1144 1111 1072 1029 979 924 862 795 721 642 556 463 364 258 146
set beam_angle 8 39.4094 -2.61777
set beam_wedge_delay 8 12043
set beam_ele_select 8 1111111111111111
set beam_ele_delay 8 1153 1128 1097 1061 1020 973 920 862 798 727 650 567 478 382 279 170
set beam_angle 9 40.0394 -2.50806
set beam_wedge_delay 9 12086
set beam_ele_select 9 1111111111111111
set beam_ele_delay 9 1134 1111 1083 1050 1011 967 917 862 800 733 659 579 492 400 300 194
set beam_angle 10 40.6693 -2.39818
set beam_wedge_delay 10 12130
set beam_ele_select 10 1111111111111111
set beam_ele_delay 10 1115 1095 1069 1038 1003 961 914 862 803 739 668 591 507 417 321 218
set beam_angle 11 41.2992 -2.28812
set beam_wedge_delay 11 12175
set beam_ele_select 11 1111111111111111
set beam_ele_delay 11 1097 1078 1055 1027 994 956 911 862 806 744 676 602 522 435 342 242
set beam_angle 12 41.9291 -2.17791
set beam_wedge_delay 12 12220
set beam_ele_select 12 1111111111111111
set beam_ele_delay 12 1078 1062 1042 1016 986 950 909 862 809 750 685 614 537 453 363 266
set beam_angle 13 42.5591 -2.06755
set beam_wedge_delay 13 12266
set beam_ele_select 13 1111111111111111
set beam_ele_delay 13 1060 1047 1029 1006 978 944 906 862 812 756 694 626 552 471 384 290
set beam_angle 14 43.189 -1.95706
set beam_wedge_delay 14 12313
set beam_ele_select 14 1111111111111111
set beam_ele_delay 14 1042 1031 1015 995 970 939 903 862 815 762 703 638 566 489 405 314
set beam_angle 15 43.8189 -1.84645
set beam_wedge_delay 15 12360
set beam_ele_select 15 1111111111111111
set beam_ele_delay 15 1024 1016 1002 984 962 934 901 862 818 768 712 649 581 507 426 338
set beam_angle 16 44.4488 -1.73573
set beam_wedge_delay 16 12408
set beam_ele_select 16 1111111111111111
set beam_ele_delay 16 1007 1000 990 974 954 929 898 862 821 774 720 661 596 524 446 362
set beam_angle 17 45.0787 -1.62491
set beam_wedge_delay 17 12456
set beam_ele_select 17 1111111111111111
set beam_ele_delay 17 990 985 977 964 946 923 896 862 824 779 729 673 611 542 467 386
set beam_angle 18 45.7087 -1.51403
set beam_wedge_delay 18 12505
set beam_ele_select 18 1111111111111111
set beam_ele_delay 18 972 970 964 953 938 918 892 862 826 785 737 684 625 559 487 409
set beam_angle 19 46.3386 -1.40308
set beam_wedge_delay 19 12554
set beam_ele_select 19 1111111111111111
set beam_ele_delay 19 955 955 951 943 930 913 890 862 829 791 746 696 640 577 508 433
set beam_angle 20 46.9685 -1.2921
set beam_wedge_delay 20 12604
set beam_ele_select 20 1111111111111111
set beam_ele_delay 20 937 940 938 932 922 907 887 862 832 796 754 707 653 594 528 456
set beam_angle 21 47.5984 -1.18109
set beam_wedge_delay 21 12655
set beam_ele_select 21 1111111111111111
set beam_ele_delay 21 920 925 926 922 914 902 884 862 834 801 762 718 667 611 548 479
set beam_angle 22 48.2283 -1.07009
set beam_wedge_delay 22 12706
set beam_ele_select 22 1111111111111111
set beam_ele_delay 22 903 910 913 912 906 896 881 862 837 806 770 729 681 628 568 502
set beam_angle 23 48.8583 -0.959107
set beam_wedge_delay 23 12757
set beam_ele_select 23 1111111111111111
set beam_ele_delay 23 888 897 902 903 900 892 880 862 840 813 780 741 696 646 589 526
set beam_angle 24 49.4882 -0.848172
set beam_wedge_delay 24 12809
set beam_ele_select 24 1111111111111111
set beam_ele_delay 24 870 881 889 892 891 886 876 862 842 817 787 751 709 662 608 548
set beam_angle 25 50.1181 -0.737309
set beam_wedge_delay 25 12862
set beam_ele_select 25 1111111111111111
set beam_ele_delay 25 855 868 877 882 884 881 874 862 845 823 795 762 723 679 628 571
set beam_angle 26 50.748 -0.626542
set beam_wedge_delay 26 12914
set beam_ele_select 26 1111111111111111
set beam_ele_delay 26 839 854 865 873 877 876 872 862 848 828 803 773 737 696 648 594
set beam_angle 27 51.378 -0.515901
set beam_wedge_delay 27 12968
set beam_ele_select 27 1111111111111111
set beam_ele_delay 27 824 841 854 864 870 872 869 862 851 834 812 784 751 713 668 617
set beam_angle 28 52.0079 -0.405413
set beam_wedge_delay 28 13021
set beam_ele_select 28 1111111111111111
set beam_ele_delay 28 808 827 842 854 862 867 867 862 853 839 819 795 765 729 687 639
set beam_angle 29 52.6378 -0.295108
set beam_wedge_delay 29 13075
set beam_ele_select 29 1111111111111111
set beam_ele_delay 29 792 813 831 845 855 861 864 862 855 843 827 805 778 745 706 661
set beam_angle 30 53.2677 -0.18502
set beam_wedge_delay 30 13130
set beam_ele_select 30 1111111111111111
set beam_ele_delay 30 777 800 819 835 848 857 861 862 857 848 835 815 791 761 725 683
set beam_angle 31 53.8976 -0.0751804
set beam_wedge_delay 31 13185
set beam_ele_select 31 1111111111111111
set beam_ele_delay 31 762 786 808 826 841 852 859 862 860 854 842 826 804 777 744 705
set beam_angle 32 54.5276 0.034375
set beam_wedge_delay 32 13240
set beam_ele_select 32 1111111111111111
set beam_ele_delay 32 747 774 797 818 834 847 857 862 863 859 850 836 817 793 763 727
set beam_angle 33 55.1575 0.14361
set beam_wedge_delay 33 13295
set beam_ele_select 33 1111111111111111
set beam_ele_delay 33 733 761 787 809 828 843 855 862 865 864 858 847 831 809 782 749
set beam_angle 34 55.7874 0.252486
set beam_wedge_delay 34 13350
set beam_ele_select 34 1111111111111111
set beam_ele_delay 34 719 749 776 801 821 839 853 862 868 869 866 857 844 825 801 771
set beam_angle 35 56.4173 0.360964
set beam_wedge_delay 35 13406
set beam_ele_select 35 1111111111111111
set beam_ele_delay 35 705 737 766 792 815 834 850 862 870 874 873 867 857 841 819 792
set beam_angle 36 57.0472 0.469002
set beam_wedge_delay 36 13462
set beam_ele_select 36 1111111111111111
set beam_ele_delay 36 691 725 755 783 808 830 848 862 872 879 880 877 869 856 837 813
set beam_angle 37 57.6772 0.576557
set beam_wedge_delay 37 13518
set beam_ele_select 37 1111111111111111
set beam_ele_delay 37 677 712 745 775 801 825 845 862 874 883 887 887 881 871 855 834
set beam_angle 38 58.3071 0.683584
set beam_wedge_delay 38 13574
set beam_ele_select 38 1111111111111111
set beam_ele_delay 38 664 701 735 767 796 821 843 862 877 888 895 897 894 886 873 855
set beam_angle 39 58.937 0.790037
set beam_wedge_delay 39 13631
set beam_ele_select 39 1111111111111111
set beam_ele_delay 39 651 689 726 759 790 817 841 862 879 893 902 906 906 901 891 875
set beam_angle 40 59.5669 0.895868
set beam_wedge_delay 40 13687
set beam_ele_select 40 1111111111111111
set beam_ele_delay 40 638 678 716 751 783 813 839 862 882 897 909 916 918 916 908 896
set beam_angle 41 60.1969 1.00103
set beam_wedge_delay 41 13743
set beam_ele_select 41 1111111111111111
set beam_ele_delay 41 625 667 706 743 777 808 837 862 883 901 915 925 930 930 925 915
set beam_angle 42 60.8268 1.10546
set beam_wedge_delay 42 13800
set beam_ele_select 42 1111111111111111
set beam_ele_delay 42 613 656 697 736 772 805 835 862 886 906 922 934 942 945 943 936
set beam_angle 43 61.4567 1.20912
set beam_wedge_delay 43 13856
set beam_ele_select 43 1111111111111111
set beam_ele_delay 43 601 646 688 728 766 801 833 862 888 911 929 944 954 959 960 956
set beam_angle 44 62.0866 1.31195
set beam_wedge_delay 44 13912
set beam_ele_select 44 1111111111111111
set beam_ele_delay 44 589 635 679 721 760 797 831 862 890 915 936 952 965 973 977 975
set beam_angle 45 62.7165 1.41389
set beam_wedge_delay 45 13968
set beam_ele_select 45 1111111111111111
set beam_ele_delay 45 577 624 670 713 754 793 829 862 892 919 942 961 976 987 993 994
set beam_angle 46 63.3465 1.51488
set beam_wedge_delay 46 14024
set beam_ele_select 46 1111111111111111
set beam_ele_delay 46 565 614 661 706 748 789 827 862 894 922 948 969 987 1000 1008 1012
set beam_angle 47 63.9764 1.61487
set beam_wedge_delay 47 14079
set beam_ele_select 47 1111111111111111
set beam_ele_delay 47 554 604 653 699 743 785 825 862 896 927 954 978 998 1013 1025 1031
set beam_angle 48 64.6063 1.71379
set beam_wedge_delay 48 14134
set beam_ele_select 48 1111111111111111
set beam_ele_delay 48 543 594 644 692 738 782 823 862 898 930 960 986 1008 1027 1040 1049
set beam_angle 49 65.2362 1.81158
set beam_wedge_delay 49 14189
set beam_ele_select 49 1111111111111111
set beam_ele_delay 49 533 586 637 686 734 779 822 862 900 935 967 995 1020 1040 1057 1068
set beam_angle 50 65.8661 1.90817
set beam_wedge_delay 50 14244
set beam_ele_select 50 1111111111111111
set beam_ele_delay 50 522 576 628 679 728 775 820 862 901 938 972 1003 1029 1052 1071 1086
set beam_angle 51 66.4961 2.00351
set beam_wedge_delay 51 14298
set beam_ele_select 51 1111111111111111
set beam_ele_delay 51 512 567 621 673 723 772 818 862 903 942 978 1011 1040 1065 1087 1104
set beam_angle 52 67.126 2.09752
set beam_wedge_delay 52 14351
set beam_ele_select 52 1111111111111111
set beam_ele_delay 52 502 558 613 667 718 768 816 862 905 946 984 1018 1050 1077 1101 1121
set beam_angle 53 67.7559 2.19014
set beam_wedge_delay 53 14404
set beam_ele_select 53 1111111111111111
set beam_ele_delay 53 492 549 606 660 713 765 814 862 907 949 989 1026 1059 1089 1115 1137
set beam_angle 54 68.3858 2.2813
set beam_wedge_delay 54 14456
set beam_ele_select 54 1111111111111111
set beam_ele_delay 54 483 542 599 655 709 762 813 862 909 953 995 1034 1069 1102 1130 1155
set beam_angle 55 69.0157 2.37092
set beam_wedge_delay 55 14508
set beam_ele_select 55 1111111111111111
set beam_ele_delay 55 474 534 592 649 705 759 812 862 910 957 1000 1041 1079 1113 1144 1171
set beam_angle 56 69.6457 2.45894
set beam_wedge_delay 56 14559
set beam_ele_select 56 1111111111111111
set beam_ele_delay 56 465 526 585 644 701 756 810 862 912 960 1005 1048 1088 1125 1158 1187
set beam_angle 57 70.2756 2.54529
set beam_wedge_delay 57 14609
set beam_ele_select 57 1111111111111111
set beam_ele_delay 57 456 518 578 638 696 753 808 862 913 963 1010 1055 1096 1135 1171 1203
set beam_angle 58 70.9055 2.62989
set beam_wedge_delay 58 14659
set beam_ele_select 58 1111111111111111
set beam_ele_delay 58 448 511 572 633 692 750 807 862 915 966 1015 1062 1106 1146 1184 1218
set beam_angle 59 71.5354 2.71267
set beam_wedge_delay 59 14707
set beam_ele_select 59 1111111111111111
set beam_ele_delay 59 440 504 566 628 688 748 806 862 917 969 1020 1068 1114 1157 1197 1234
set beam_angle 60 72.1654 2.79356
set beam_wedge_delay 60 14755
set beam_ele_select 60 1111111111111111
set beam_ele_delay 60 432 497 560 623 684 745 804 862 918 972 1024 1075 1122 1167 1209 1248
set beam_angle 61 72.7953 2.87248
set beam_wedge_delay 61 14801
set beam_ele_select 61 1111111111111111
set beam_ele_delay 61 425 490 555 619 681 743 803 862 920 976 1029 1081 1131 1178 1222 1263
set beam_angle 62 73.4252 2.94936
set beam_wedge_delay 62 14847
set beam_ele_select 62 1111111111111111
set beam_ele_delay 62 418 484 550 614 678 741 802 862 921 979 1034 1088 1139 1188 1234 1277
set beam_angle 63 74.0551 3.02413
set beam_wedge_delay 63 14891
set beam_ele_select 63 1111111111111111
set beam_ele_delay 63 411 478 544 610 675 738 801 862 923 981 1038 1094 1147 1197 1246 1291
set beam_angle 64 74.685 3.09672
set beam_wedge_delay 64 14935
set beam_ele_select 64 1111111111111111
set beam_ele_delay 64 404 472 539 605 671 736 800 862 924 984 1042 1099 1154 1206 1257 1304
update_image
