set dgain 18
set again 32
set range 90
set prf 2200
set high_voltage 50
set pulse_width 125
set scan_type custom
set beam_count 87

set beam_angle 1 15 -6.69884
set beam_wedge_delay 1 10890
set beam_ele_select 1 1111111111111111
set beam_ele_delay 1 2720 2584 2441 2291 2135 1972 1802 1626 1444 1256 1061 860 654 441 223 0
set beam_angle 2 15.5512 -6.61012
set beam_wedge_delay 2 10904
set beam_ele_select 2 1111111111111111
set beam_ele_delay 2 2701 2567 2427 2280 2126 1966 1799 1626 1446 1261 1069 870 666 457 241 20
set beam_angle 3 16.1024 -6.52127
set beam_wedge_delay 3 10919
set beam_ele_select 3 1111111111111111
set beam_ele_delay 3 2681 2550 2413 2269 2118 1960 1796 1626 1449 1266 1076 881 679 472 259 40
set beam_angle 4 16.6535 -6.4323
set beam_wedge_delay 4 10935
set beam_ele_select 4 1111111111111111
set beam_ele_delay 4 2663 2535 2400 2258 2110 1955 1794 1626 1452 1271 1085 892 693 488 277 61
set beam_angle 5 17.2047 -6.3432
set beam_wedge_delay 5 10951
set beam_ele_select 5 1111111111111111
set beam_ele_delay 5 2644 2518 2386 2247 2102 1950 1791 1626 1454 1276 1092 902 705 503 295 81
set beam_angle 6 17.7559 -6.25397
set beam_wedge_delay 6 10967
set beam_ele_select 6 1111111111111111
set beam_ele_delay 6 2625 2502 2373 2237 2094 1945 1789 1626 1457 1282 1100 913 719 519 313 102
set beam_angle 7 18.3071 -6.1646
set beam_wedge_delay 7 10984
set beam_ele_select 7 1111111111111111
set beam_ele_delay 7 2606 2486 2359 2225 2085 1939 1785 1626 1459 1287 1108 923 731 534 331 122
set beam_angle 8 18.8583 -6.07509
set beam_wedge_delay 8 11002
set beam_ele_select 8 1111111111111111
set beam_ele_delay 8 2587 2470 2346 2215 2078 1934 1783 1626 1462 1292 1116 934 745 550 349 143
set beam_angle 9 19.4094 -5.98544
set beam_wedge_delay 9 11020
set beam_ele_select 9 1111111111111111
set beam_ele_delay 9 2569 2454 2332 2204 2070 1929 1781 1626 1465 1298 1124 944 758 566 368 164
set beam_angle 10 19.9606 -5.89564
set beam_wedge_delay 10 11039
set beam_ele_select 10 1111111111111111
set beam_ele_delay 10 2549 2437 2318 2193 2061 1922 1777 1626 1467 1303 1132 954 771 581 386 184
set beam_angle 11 20.5118 -5.80568
set beam_wedge_delay 11 11058
set beam_ele_select 11 1111111111111111
set beam_ele_delay 11 2530 2421 2305 2182 2053 1917 1775 1626 1470 1308 1140 965 784 597 404 205
set beam_angle 12 21.063 -5.71558
set beam_wedge_delay 12 11078
set beam_ele_select 12 1111111111111111
set beam_ele_delay 12 2512 2405 2292 2172 2045 1912 1772 1626 1473 1314 1148 976 798 613 423 226
set beam_angle 13 21.6142 -5.62532
set beam_wedge_delay 13 11098
set beam_ele_select 13 1111111111111111
set beam_ele_delay 13 2493 2389 2278 2161 2037 1907 1770 1626 1476 1319 1156 987 811 629 441 247
set beam_angle 14 22.1654 -5.5349
set beam_wedge_delay 14 11119
set beam_ele_select 14 1111111111111111
set beam_ele_delay 14 2474 2373 2265 2150 2029 1901 1767 1626 1479 1325 1164 997 824 645 459 268
set beam_angle 15 22.7165 -5.44432
set beam_wedge_delay 15 11141
set beam_ele_select 15 1111111111111111
set beam_ele_delay 15 2456 2357 2251 2139 2021 1896 1764 1626 1481 1330 1172 1008 838 661 478 289
set beam_angle 16 23.2677 -5.35358
set beam_wedge_delay 16 11163
set beam_ele_select 16 1111111111111111
set beam_ele_delay 16 2437 2341 2238 2129 2013 1891 1762 1626 1484 1335 1180 1019 851 677 496 310
set beam_angle 17 23.8189 -5.26267
set beam_wedge_delay 17 11185
set beam_ele_select 17 1111111111111111
set beam_ele_delay 17 2418 2324 2224 2118 2005 1885 1759 1626 1487 1341 1188 1029 864 693 515 331
set beam_angle 18 24.3701 -5.17159
set beam_wedge_delay 18 11208
set beam_ele_select 18 1111111111111111
set beam_ele_delay 18 2399 2308 2211 2107 1997 1880 1756 1626 1489 1346 1196 1040 877 708 533 352
set beam_angle 19 24.9213 -5.08034
set beam_wedge_delay 19 11232
set beam_ele_select 19 1111111111111111
set beam_ele_delay 19 2381 2292 2197 2096 1988 1874 1753 1626 1492 1351 1204 1051 891 724 552 373
set beam_angle 20 25.4724 -4.98892
set beam_wedge_delay 20 11256
set beam_ele_select 20 1111111111111111
set beam_ele_delay 20 2362 2276 2184 2085 1980 1868 1750 1626 1494 1356 1212 1061 904 740 570 394
set beam_angle 21 26.0236 -4.89732
set beam_wedge_delay 21 11280
set beam_ele_select 21 1111111111111111
set beam_ele_delay 21 2344 2261 2171 2075 1973 1864 1748 1626 1498 1363 1221 1073 918 757 590 416
set beam_angle 22 26.5748 -4.80554
set beam_wedge_delay 22 11306
set beam_ele_select 22 1111111111111111
set beam_ele_delay 22 2326 2245 2158 2064 1965 1858 1745 1626 1500 1368 1229 1083 931 773 608 437
set beam_angle 23 27.126 -4.71359
set beam_wedge_delay 23 11331
set beam_ele_select 23 1111111111111111
set beam_ele_delay 23 2307 2229 2144 2054 1956 1853 1742 1626 1503 1373 1236 1094 944 789 626 458
set beam_angle 24 27.6772 -4.62146
set beam_wedge_delay 24 11358
set beam_ele_select 24 1111111111111111
set beam_ele_delay 24 2289 2213 2131 2043 1948 1847 1740 1626 1505 1378 1244 1104 957 804 645 479
set beam_angle 25 28.2283 -4.52915
set beam_wedge_delay 25 11384
set beam_ele_select 25 1111111111111111
set beam_ele_delay 25 2271 2198 2118 2033 1941 1842 1738 1626 1508 1384 1253 1116 972 821 664 501
set beam_angle 26 28.7795 -4.43665
set beam_wedge_delay 26 11412
set beam_ele_select 26 1111111111111111
set beam_ele_delay 26 2253 2182 2105 2022 1932 1837 1735 1626 1511 1389 1261 1126 985 837 683 522
set beam_angle 27 29.3307 -4.34397
set beam_wedge_delay 27 11440
set beam_ele_select 27 1111111111111111
set beam_ele_delay 27 2234 2166 2091 2011 1924 1831 1731 1626 1513 1394 1268 1136 998 853 701 543
set beam_angle 28 29.8819 -4.25111
set beam_wedge_delay 28 11468
set beam_ele_select 28 1111111111111111
set beam_ele_delay 28 2217 2151 2079 2001 1917 1826 1729 1626 1516 1400 1277 1148 1012 869 720 565
set beam_angle 29 30.4331 -4.15807
set beam_wedge_delay 29 11497
set beam_ele_select 29 1111111111111111
set beam_ele_delay 29 2198 2135 2066 1990 1909 1821 1726 1626 1519 1405 1285 1158 1025 885 739 586
set beam_angle 30 30.9843 -4.06484
set beam_wedge_delay 30 11526
set beam_ele_select 30 1111111111111111
set beam_ele_delay 30 2181 2120 2053 1980 1901 1816 1724 1626 1522 1411 1293 1169 1039 902 758 608
set beam_angle 31 31.5354 -3.97143
set beam_wedge_delay 31 11556
set beam_ele_select 31 1111111111111111
set beam_ele_delay 31 2163 2104 2040 1969 1893 1810 1721 1626 1524 1416 1301 1180 1052 917 776 629
set beam_angle 32 32.0866 -3.87784
set beam_wedge_delay 32 11587
set beam_ele_select 32 1111111111111111
set beam_ele_delay 32 2145 2088 2027 1959 1885 1805 1718 1626 1526 1421 1309 1190 1065 933 795 650
set beam_angle 33 32.6378 -3.78406
set beam_wedge_delay 33 11618
set beam_ele_select 33 1111111111111111
set beam_ele_delay 33 2127 2074 2014 1949 1878 1800 1716 1626 1530 1427 1317 1201 1079 950 814 672
set beam_angle 34 33.189 -3.6901
set beam_wedge_delay 34 11650
set beam_ele_select 34 1111111111111111
set beam_ele_delay 34 2109 2058 2001 1938 1869 1794 1713 1626 1532 1432 1325 1212 1092 965 832 693
set beam_angle 35 33.7402 -3.59596
set beam_wedge_delay 35 11682
set beam_ele_select 35 1111111111111111
set beam_ele_delay 35 2093 2044 1989 1929 1862 1790 1711 1626 1535 1438 1333 1223 1106 982 852 715
set beam_angle 36 34.2913 -3.50165
set beam_wedge_delay 36 11714
set beam_ele_select 36 1111111111111111
set beam_ele_delay 36 2075 2028 1976 1918 1854 1784 1708 1626 1537 1442 1341 1233 1119 998 870 736
set beam_angle 37 34.8425 -3.40715
set beam_wedge_delay 37 11748
set beam_ele_select 37 1111111111111111
set beam_ele_delay 37 2057 2013 1963 1907 1846 1779 1705 1626 1540 1447 1349 1243 1132 1013 888 757
set beam_angle 38 35.3937 -3.31248
set beam_wedge_delay 38 11781
set beam_ele_select 38 1111111111111111
set beam_ele_delay 38 2040 1998 1951 1898 1839 1774 1703 1626 1543 1453 1357 1255 1146 1030 908 779
set beam_angle 39 35.9449 -3.21764
set beam_wedge_delay 39 11816
set beam_ele_select 39 1111111111111111
set beam_ele_delay 39 2023 1983 1938 1887 1831 1769 1700 1626 1545 1458 1365 1265 1158 1046 926 800
set beam_angle 40 36.4961 -3.12263
set beam_wedge_delay 40 11850
set beam_ele_select 40 1111111111111111
set beam_ele_delay 40 2006 1969 1926 1878 1824 1764 1698 1626 1548 1464 1373 1276 1172 1062 945 822
set beam_angle 41 59.6457 0.909051
set beam_wedge_delay 41 13694
set beam_ele_select 41 1111111111111111
set beam_ele_delay 41 1400 1440 1478 1514 1546 1576 1603 1626 1645 1661 1673 1680 1683 1681 1674 1662
set beam_angle 42 60.1969 1.00103
set beam_wedge_delay 42 13743
set beam_ele_select 42 1111111111111111
set beam_ele_delay 42 1389 1431 1470 1507 1541 1572 1601 1626 1647 1665 1679 1689 1694 1694 1689 1679
set beam_angle 43 60.748 1.09245
set beam_wedge_delay 43 13793
set beam_ele_select 43 1111111111111111
set beam_ele_delay 43 1378 1421 1462 1500 1536 1569 1599 1626 1649 1669 1685 1697 1704 1707 1704 1697
set beam_angle 44 61.2992 1.18328
set beam_wedge_delay 44 13842
set beam_ele_select 44 1111111111111111
set beam_ele_delay 44 1368 1412 1454 1494 1531 1566 1598 1626 1652 1674 1691 1705 1715 1720 1720 1715
set beam_angle 45 61.8504 1.27349
set beam_wedge_delay 45 13891
set beam_ele_select 45 1111111111111111
set beam_ele_delay 45 1357 1402 1446 1487 1526 1562 1596 1626 1653 1677 1697 1713 1724 1731 1734 1731
set beam_angle 46 62.4016 1.36303
set beam_wedge_delay 46 13940
set beam_ele_select 46 1111111111111111
set beam_ele_delay 46 1347 1394 1439 1481 1521 1559 1594 1626 1655 1681 1703 1721 1735 1744 1749 1748
set beam_angle 47 62.9528 1.45187
set beam_wedge_delay 47 13989
set beam_ele_select 47 1111111111111111
set beam_ele_delay 47 1337 1385 1431 1475 1517 1556 1593 1626 1657 1685 1708 1729 1745 1756 1763 1765
set beam_angle 48 63.5039 1.53997
set beam_wedge_delay 48 14038
set beam_ele_select 48 1111111111111111
set beam_ele_delay 48 1327 1376 1423 1469 1512 1553 1591 1626 1659 1688 1714 1736 1754 1768 1777 1782
set beam_angle 49 64.0551 1.62729
set beam_wedge_delay 49 14086
set beam_ele_select 49 1111111111111111
set beam_ele_delay 49 1317 1367 1416 1462 1507 1549 1589 1626 1660 1691 1719 1743 1763 1779 1791 1798
set beam_angle 50 64.6063 1.71379
set beam_wedge_delay 50 14134
set beam_ele_select 50 1111111111111111
set beam_ele_delay 50 1307 1358 1408 1456 1502 1546 1587 1626 1662 1694 1724 1750 1772 1791 1804 1813
set beam_angle 51 65.1575 1.79942
set beam_wedge_delay 51 14182
set beam_ele_select 51 1111111111111111
set beam_ele_delay 51 1298 1351 1402 1451 1498 1543 1586 1626 1664 1698 1730 1758 1782 1802 1818 1830
set beam_angle 52 65.7087 1.88414
set beam_wedge_delay 52 14230
set beam_ele_select 52 1111111111111111
set beam_ele_delay 52 1289 1343 1395 1445 1494 1540 1584 1626 1665 1702 1735 1765 1791 1814 1832 1846
set beam_angle 53 66.2598 1.96791
set beam_wedge_delay 53 14277
set beam_ele_select 53 1111111111111111
set beam_ele_delay 53 1280 1335 1388 1440 1489 1537 1583 1626 1667 1705 1740 1772 1800 1825 1845 1861
set beam_angle 54 66.811 2.05069
set beam_wedge_delay 54 14324
set beam_ele_select 54 1111111111111111
set beam_ele_delay 54 1271 1327 1381 1434 1485 1534 1581 1626 1668 1708 1745 1779 1809 1835 1858 1876
set beam_angle 55 67.3622 2.13242
set beam_wedge_delay 55 14371
set beam_ele_select 55 1111111111111111
set beam_ele_delay 55 1262 1319 1374 1428 1480 1531 1579 1626 1669 1711 1749 1785 1817 1846 1870 1891
set beam_angle 56 67.9134 2.21307
set beam_wedge_delay 56 14417
set beam_ele_select 56 1111111111111111
set beam_ele_delay 56 1254 1312 1368 1423 1477 1528 1578 1626 1671 1714 1755 1792 1826 1857 1883 1906
set beam_angle 57 68.4646 2.29259
set beam_wedge_delay 57 14463
set beam_ele_select 57 1111111111111111
set beam_ele_delay 57 1246 1305 1362 1418 1473 1526 1577 1626 1673 1718 1760 1799 1835 1867 1896 1921
set beam_angle 58 69.0157 2.37092
set beam_wedge_delay 58 14508
set beam_ele_select 58 1111111111111111
set beam_ele_delay 58 1238 1298 1356 1413 1469 1523 1576 1626 1674 1721 1764 1805 1843 1877 1908 1935
set beam_angle 59 69.5669 2.44803
set beam_wedge_delay 59 14553
set beam_ele_select 59 1111111111111111
set beam_ele_delay 59 1230 1291 1350 1408 1465 1520 1574 1626 1676 1723 1768 1811 1851 1887 1920 1949
set beam_angle 60 70.1181 2.52386
set beam_wedge_delay 60 14597
set beam_ele_select 60 1111111111111111
set beam_ele_delay 60 1223 1284 1345 1404 1462 1518 1573 1626 1678 1727 1773 1818 1859 1897 1932 1964
set beam_angle 61 70.6693 2.59837
set beam_wedge_delay 61 14640
set beam_ele_select 61 1111111111111111
set beam_ele_delay 61 1215 1277 1339 1399 1458 1515 1571 1626 1678 1729 1777 1823 1866 1906 1943 1977
set beam_angle 62 71.2205 2.67151
set beam_wedge_delay 62 14683
set beam_ele_select 62 1111111111111111
set beam_ele_delay 62 1208 1271 1333 1394 1454 1513 1570 1626 1680 1732 1782 1829 1874 1916 1955 1990
set beam_angle 63 71.7717 2.74323
set beam_wedge_delay 63 14725
set beam_ele_select 63 1111111111111111
set beam_ele_delay 63 1201 1265 1328 1390 1451 1511 1569 1626 1681 1734 1786 1835 1881 1925 1966 2003
set beam_angle 64 72.3228 2.81347
set beam_wedge_delay 64 14767
set beam_ele_select 64 1111111111111111
set beam_ele_delay 64 1194 1259 1323 1386 1447 1508 1568 1626 1682 1737 1789 1840 1888 1934 1976 2016
set beam_angle 65 72.874 2.8822
set beam_wedge_delay 65 14807
set beam_ele_select 65 1111111111111111
set beam_ele_delay 65 1188 1253 1318 1382 1445 1506 1567 1626 1684 1740 1794 1846 1896 1943 1988 2029
set beam_angle 66 73.4252 2.94936
set beam_wedge_delay 66 14847
set beam_ele_select 66 1111111111111111
set beam_ele_delay 66 1182 1248 1314 1378 1442 1505 1566 1626 1685 1743 1798 1852 1903 1952 1998 2041
set beam_angle 67 73.9764 3.01491
set beam_wedge_delay 67 14886
set beam_ele_select 67 1111111111111111
set beam_ele_delay 67 1175 1242 1308 1374 1438 1502 1564 1626 1686 1744 1801 1856 1909 1959 2007 2053
set beam_angle 68 74.5276 3.07878
set beam_wedge_delay 68 14924
set beam_ele_select 68 1111111111111111
set beam_ele_delay 68 1169 1237 1304 1370 1435 1500 1563 1626 1687 1746 1804 1861 1915 1967 2017 2064
set beam_angle 69 75.0787 3.14095
set beam_wedge_delay 69 14961
set beam_ele_select 69 1111111111111111
set beam_ele_delay 69 1164 1232 1300 1367 1433 1498 1563 1626 1688 1749 1809 1866 1922 1976 2028 2076
set beam_angle 70 75.6299 3.20135
set beam_wedge_delay 70 14997
set beam_ele_select 70 1111111111111111
set beam_ele_delay 70 1158 1227 1295 1363 1430 1496 1561 1626 1689 1751 1812 1871 1928 1983 2036 2087
set beam_angle 71 76.1811 3.25994
set beam_wedge_delay 71 15033
set beam_ele_select 71 1111111111111111
set beam_ele_delay 71 1153 1223 1291 1360 1428 1495 1561 1626 1690 1753 1815 1875 1934 1991 2046 2098
set beam_angle 72 76.7323 3.31668
set beam_wedge_delay 72 15067
set beam_ele_select 72 1111111111111111
set beam_ele_delay 72 1148 1218 1288 1357 1425 1493 1560 1626 1691 1755 1818 1880 1940 1998 2054 2108
set beam_angle 73 77.2835 3.37151
set beam_wedge_delay 73 15100
set beam_ele_select 73 1111111111111111
set beam_ele_delay 73 1143 1214 1284 1354 1423 1491 1559 1626 1692 1757 1821 1884 1945 2005 2063 2118
set beam_angle 74 77.8346 3.4244
set beam_wedge_delay 74 15132
set beam_ele_select 74 1111111111111111
set beam_ele_delay 74 1138 1209 1280 1350 1420 1489 1558 1626 1693 1759 1824 1888 1950 2011 2071 2128
set beam_angle 75 78.3858 3.47529
set beam_wedge_delay 75 15163
set beam_ele_select 75 1111111111111111
set beam_ele_delay 75 1134 1206 1277 1348 1418 1488 1557 1626 1694 1761 1827 1892 1956 2018 2079 2138
set beam_angle 76 78.937 3.52415
set beam_wedge_delay 76 15192
set beam_ele_select 76 1111111111111111
set beam_ele_delay 76 1130 1202 1274 1345 1416 1487 1557 1626 1695 1763 1830 1896 1961 2025 2087 2147
set beam_angle 77 79.4882 3.57093
set beam_wedge_delay 77 15221
set beam_ele_select 77 1111111111111111
set beam_ele_delay 77 1126 1199 1271 1343 1414 1486 1556 1626 1696 1765 1833 1900 1966 2031 2094 2156
set beam_angle 78 80.0394 3.61558
set beam_wedge_delay 78 15248
set beam_ele_select 78 1111111111111111
set beam_ele_delay 78 1122 1195 1268 1340 1412 1484 1555 1626 1697 1766 1835 1903 1970 2036 2101 2164
set beam_angle 79 80.5906 3.65808
set beam_wedge_delay 79 15274
set beam_ele_select 79 1111111111111111
set beam_ele_delay 79 1118 1191 1265 1338 1410 1483 1554 1626 1697 1767 1837 1906 1974 2041 2107 2172
set beam_angle 80 81.1417 3.69838
set beam_wedge_delay 80 15298
set beam_ele_select 80 1111111111111111
set beam_ele_delay 80 1115 1189 1262 1336 1409 1482 1554 1626 1698 1769 1840 1909 1978 2047 2114 2180
set beam_angle 81 81.6929 3.73645
set beam_wedge_delay 81 15322
set beam_ele_select 81 1111111111111111
set beam_ele_delay 81 1111 1185 1259 1333 1407 1480 1553 1626 1698 1770 1841 1912 1982 2051 2119 2186
set beam_angle 82 82.2441 3.77225
set beam_wedge_delay 82 15344
set beam_ele_select 82 1111111111111111
set beam_ele_delay 82 1108 1183 1257 1331 1405 1479 1552 1626 1698 1771 1843 1914 1985 2055 2125 2193
set beam_angle 83 82.7953 3.80574
set beam_wedge_delay 83 15364
set beam_ele_select 83 1111111111111111
set beam_ele_delay 83 1106 1181 1256 1330 1405 1479 1553 1626 1700 1773 1845 1918 1989 2060 2131 2200
set beam_angle 84 83.3465 3.8369
set beam_wedge_delay 84 15383
set beam_ele_select 84 1111111111111111
set beam_ele_delay 84 1103 1178 1253 1328 1403 1477 1552 1626 1700 1773 1847 1920 1992 2064 2135 2206
set beam_angle 85 83.8976 3.8657
set beam_wedge_delay 85 15401
set beam_ele_select 85 1111111111111111
set beam_ele_delay 85 1101 1176 1252 1327 1402 1477 1552 1626 1701 1775 1849 1922 1995 2068 2140 2211
set beam_angle 86 84.4488 3.8921
set beam_wedge_delay 86 15417
set beam_ele_select 86 1111111111111111
set beam_ele_delay 86 1098 1174 1249 1325 1400 1475 1551 1626 1700 1775 1849 1923 1997 2070 2143 2216
set beam_angle 87 85 3.91608
set beam_wedge_delay 87 15432
set beam_ele_select 87 1111111111111111
set beam_ele_delay 87 1097 1173 1249 1324 1400 1476 1551 1626 1702 1777 1851 1926 2000 2074 2148 2221